2000
4937 -1224
-8941 5372
5510 6404
-2232 2325
-9426 -6545
-2758 2432
-7481 26
-5318 -6947
2751 5223
-6189 -3369
-346 -8549
2210 -88
1178 7111
-6329 6015
-3870 3847
-1157 481
-6049 459
-7484 -1619
-3585 -7884
7912 -1467
5076 -863
-1697 -6870
-9979 -502
-9653 -248
8228 -9588
-5012 8690
-2912 -2393
1999 238
2459 9508
-1497 -9580
-6402 5692
-7105 -6189
1388 -7947
-5777 -9931
-4843 2701
7213 -1916
4332 -8708
6213 1869
-9605 -7403
-9268 -4956
-8012 6413
-9422 6344
171 8448
-1002 -5304
227 -5264
-5410 -1562
-2522 7631
1895 -1701
-7110 -705
8858 -6021
-9008 -3113
-3392 6362
-6850 7529
4023 464
4239 -5982
2085 4985
665 8754
-8884 -1056
1808 -1011
-5345 -99
-1639 8273
-4620 -388
-7135 -6808
-3782 -8992
-3921 -6960
-7955 -4729
-6760 442
5288 -1552
18 6736
6650 -7653
-5014 -3878
-6627 -5744
-2662 -9149
-8222 9154
2197 -7017
-8559 3861
2725 -6513
4496 5726
-4009 -5359
-5503 -2998
2261 2034
-8719 1346
-1483 9565
9006 813
8175 -1543
-6343 1494
-8331 -1691
-7108 -2769
-5698 -3225
5150 7415
5444 -2618
-7148 -2952
1167 -6668
2970 180
8688 -7024
-3613 -7263
-2509 -5397
-8530 5682
7343 266
-999 9625
-8225 -2645
-5222 5194
-9386 -4053
-8341 5217
-1393 -8121
-4314 -9754
-9821 -1054
-9358 -5905
-321 -5818
-3524 -5849
84 -3761
2569 4366
-1264 -3036
2155 7842
-5234 -1017
-6926 -9252
-7510 -9553
-8379 1277
6519 -8556
7250 -789
2676 -9525
-9214 -5289
6172 2098
-4112 -671
4541 -3537
2555 -7874
-7861 -9868
-5254 -5031
4950 -6779
-9712 -4841
6970 -8035
-8255 -5793
-9866 2638
-4029 -4646
6911 -2361
-1736 -2857
-779 -6309
-3045 -1581
-2283 -8928
-3143 -4297
-7055 -8747
1698 -8094
-9282 167
2879 -2680
-2932 -5706
231 -4485
-2565 -4108
7629 6953
-724 -1587
-1284 -2586
-7851 1645
-1210 8332
4634 543
-1896 -2176
248 -1166
6675 6935
-8701 -5247
6263 -935
-9325 -4942
3488 2821
6938 1758
8213 -4363
-7527 1715
3295 5635
3700 -7081
919 -5845
-4573 -690
2243 -2669
-8245 -3138
1091 -8375
9260 8785
1190 2604
-4773 -4486
-6750 -7507
3539 -2212
1348 -9129
1160 -3225
7877 -9971
2301 -3644
638 -8941
-9130 883
-6179 9424
2768 -4782
-2472 83
8176 -2559
6337 -2637
-6919 4133
-2725 -5253
2338 7210
2604 2694
-4633 7308
-3276 -505
2782 3927
-9731 -6260
-6643 -6227
4275 6499
3003 2152
-5003 -3458
-1436 993
1804 2228
-7599 -1647
2748 5896
-7129 4053
5594 -7666
-6082 1399
7837 -3126
-2187 -3157
1975 1947
-8700 -5385
-8923 -4871
-5709 -8873
-1851 -6149
-6775 7231
-2264 444
1735 -6846
-8440 -6434
4918 6323
-7204 -4145
926 -3541
-2166 1260
473 -3542
-9060 -6141
-4633 2817
-7818 -2659
963 5359
-9370 1404
2741 -150
-5539 -9759
2186 -6560
-5570 -6158
-4895 -6433
6004 -870
-4569 -6798
201 -815
-1466 -9235
6708 -8419
1721 6955
-6990 -1447
-9117 8693
3448 5557
-8607 -9434
-7800 9246
-5283 1805
899 -3041
-4092 1523
7646 9992
-3974 -5474
-9097 2575
2861 -4043
-3287 1141
-3577 -2108
-6817 -4182
-6168 1506
-7450 5330
7283 1137
-1562 -7671
8039 2534
-7374 -282
-8174 -8566
4478 -7779
-6527 -6496
-8176 8231
218 2600
282 -2747
2574 3907
-4665 7523
-5687 -808
-748 -9350
492 -618
-7295 -7048
7550 1083
2536 -1372
1726 -5163
-2771 -3876
-4261 -6393
7702 -1599
4872 -6866
-1187 8438
3466 -5211
-3580 6213
-6381 -8507
8169 -9789
8597 8593
-6534 -3083
-2001 -7791
-438 -4814
-6964 -1796
453 -3189
-7508 2780
-9568 -6615
6498 -5299
-5900 -6891
-3456 -7321
-9363 -8962
-80 -6564
926 -3338
-4667 -1725
-8040 8862
-2575 -9546
7098 -9309
-4296 9497
-7222 -887
5156 -1860
-7611 1704
667 -4285
1300 -5805
-8562 -4636
-6240 -7424
9683 -6639
8423 -4699
3797 5782
-1873 -7264
-2037 -3835
859 -3557
-9914 -9360
-2020 6669
-6129 343
7721 -2108
-9072 803
-7663 6753
-815 8114
1840 9029
3495 -7788
-511 -4501
-3608 -2315
3476 2741
2146 -1124
-1088 8268
-4564 499
-806 -7998
8701 2056
4967 2011
-5252 -1037
-8370 -7541
2967 2073
-4687 -6591
8504 -7664
-9603 7204
1205 -2172
-2112 4733
-3705 4346
-8260 950
7613 -9804
-3111 -5983
1970 7892
-2369 9596
2684 2500
-4829 -9197
-8505 -9772
1922 9830
1185 -7899
-8180 1741
-1705 -1369
1027 -1414
-4064 -8162
2117 -7170
7160 -1142
-667 -3634
-7088 9798
-2239 4903
2692 -8847
-4688 2128
-7411 -4884
-3270 -8705
-2440 -8636
-4884 -7970
3862 9776
-1077 -5713
1910 -8707
-5879 814
-880 2600
823 2038
-5725 -2613
-1286 -2329
1890 -7364
2721 -1689
-823 2674
4949 -2490
6263 714
-1199 -8570
-2697 -823
-9323 -7302
2111 -2814
-5290 -9490
1916 -1957
-1448 -9623
7789 8907
-9090 462
-6160 2918
5281 -375
154 6237
8448 -9752
-5013 7199
-5033 -4729
9921 -92
-2893 -3920
-8468 8364
7172 -6749
-5662 -3773
-1708 1267
-4365 -8280
3991 4305
4575 2127
-4156 -3027
9575 1859
-8157 3066
4450 8560
-9049 -2510
-4335 128
-7107 2714
9845 -9021
-2682 -5722
-4193 -8491
-6654 2880
-4376 -773
-8499 -7355
-1470 -8018
8591 7408
-7825 -8709
110 -8164
3345 202
-9689 -3388
-2879 -8162
7261 -2867
-9565 9212
-3567 2151
-2086 -2449
-2798 -9713
9368 780
-4650 2393
-9959 -7215
1034 2124
-6415 -5325
9607 -9426
-8349 -1991
-3546 9474
-8236 1827
8310 9422
-4961 -2961
-2869 -190
4969 -5444
-4840 278
6072 -4624
-9984 -5772
-6560 -1000
-8790 -5162
-7202 -7761
3539 4112
232 -3072
1704 5233
-1403 -5681
5876 -3225
665 -2571
-201 -3263
-1020 -6134
-360 9240
-308 1385
1596 -1200
4631 5550
-2728 4219
-7075 -4190
9123 2112
4701 7195
2223 -4518
8816 -7939
-3046 -3869
-7493 998
-4064 -7981
-439 -6103
-3853 7108
-2984 -6471
2125 -2856
5938 -7192
7365 -7268
3967 -400
-191 -2994
249 -8494
-3605 -578
-6144 -2306
-4217 -2735
-2801 -7022
-7932 1324
7407 5862
-4783 1487
-54 -2297
-8335 -3137
-2717 -4030
7410 -6136
2564 -2940
1499 -9597
56 -2208
8420 -8203
-6790 -1264
-3958 -3016
-6035 -9185
9475 7422
-306 -2297
1166 -590
-4313 -73
-4977 -8222
2534 -5097
-7462 -4358
-8179 9870
-2354 -2254
6570 9188
-9564 -6548
-3830 196
-6776 4726
-2870 8036
-2585 -8905
-8434 2376
-3191 839
7061 9379
-9758 -3233
-4659 8480
-1245 -4204
-1053 2209
-3178 6398
-5570 5413
3242 222
2477 7663
-1973 -1473
-515 -8219
5366 -3909
6543 9526
43 -3103
-8438 4159
5092 -3434
-723 3504
8229 -8613
-1112 -7222
-7467 6765
1099 1452
-7252 5394
2814 1519
2861 -6510
-1517 -9458
-10 -6108
-8295 2858
-8523 3116
-333 -8787
-6370 -991
-1079 2221
-2886 1651
-7236 -6540
-9598 9036
2751 -4419
9036 5910
-8187 6817
-6811 9438
1974 -1388
8960 -4392
-7994 6537
2222 -4412
-7097 1405
-8018 5487
-8835 -6542
-5785 892
5906 5818
2228 -3772
5932 -2248
511 3260
-9348 8385
-3567 -1385
-9639 -2392
1192 -4117
-3028 315
2250 -7368
2444 -8824
9722 -7034
-4019 2436
8329 -5714
-4011 7277
-6450 -7908
8687 -8754
-1959 -4333
-6364 7235
3108 6450
-858 4190
-3317 -5578
3534 5481
-1090 928
-3223 -9939
-2764 -3528
7343 -2125
-9566 3154
1141 -8600
2989 3056
1699 -9498
-4740 -2840
-9273 3537
-9582 5032
-7285 -2113
-8774 -1225
3141 4732
-7229 -7427
-3730 -7252
-1330 -9754
-2346 1714
9446 7042
4534 -2063
9712 2129
-7515 -911
-542 -3266
-3857 -1147
-5159 -6039
1090 -9078
-8218 777
-9077 -1966
2537 6482
-2367 482
8704 -5229
1024 1305
-2559 -573
-4071 -3822
2663 2878
-4472 -4981
-758 -6358
8647 8423
2258 2719
-9151 5937
-2036 -794
8904 1442
-9954 -3712
-9237 -571
1048 3595
-2334 3417
9515 8577
8396 -1833
9599 8001
6300 -2444
1695 4978
-1713 -7639
6424 7525
6625 -5102
-3069 -7429
-671 4947
478 4615
1666 801
-7551 -5356
-8813 -4896
-6289 -9782
2193 -5751
1260 -3219
-3494 -4529
1391 -121
-3706 -8542
-7624 -1496
-14 9395
-2237 1387
-3747 -2791
-2723 -5222
-6761 6963
-8202 -4780
-298 1743
-3816 1390
362 7051
-2344 -5768
-844 2426
-1750 -894
-77 -3991
2009 -482
-961 -9470
-137 -1689
2553 -399
2706 -6621
7426 -4443
-9111 -5243
-2709 -4583
2589 2134
-9363 -1484
5003 -4843
-9862 -8691
9112 2364
-6828 6131
8590 -571
9661 -3379
6983 6381
2190 5085
-6265 -3816
-6708 -5654
-2961 -6731
8408 -1122
6382 387
-5659 -8371
-2917 4244
-6769 1335
-3551 8113
-7349 1808
1722 -3650
-3847 -2178
1407 -8672
-6815 4802
7550 -8452
-2691 -7525
1198 -4703
-7437 -9881
-513 5833
7527 -9620
-6603 -9060
1998 2038
2455 -6250
-6459 1922
-9214 -1718
-7357 -9638
-6236 -3225
-7156 -1311
6854 -7462
-7288 -6830
-5943 1108
-3981 -8444
-588 6829
-8362 -5935
6188 -3608
-1290 -3529
9830 2617
-3988 -98
-2247 8933
8757 -4805
376 -6615
7915 8372
-6306 -770
-6413 -6875
3338 -9509
-5864 -541
-210 -5
-2760 -8385
-7902 577
-1763 -5395
-7618 9113
-4049 5062
7368 -5919
5193 1899
-7797 3080
-9399 8651
297 -9163
-5589 5126
1841 5387
1560 -7438
3060 9548
-7429 -6242
-8395 -4612
3796 -5482
-1536 3271
2065 9126
-3747 3173
-1158 -1662
-1276 -4612
-3509 4294
-5870 8327
9159 7449
-6115 -7785
-9941 -4969
8709 -9769
-7231 4400
-756 -9004
-7657 -1493
-2393 -1156
-6961 -209
-2955 -3130
9272 9059
7855 -3405
-7427 1683
-7903 6291
6076 -5994
7577 4587
7353 -8977
-3427 1557
2004 -7919
-3327 2057
-3944 -2458
601 -6949
6998 -431
-7764 -3067
-6542 1235
-3670 1958
7995 -3509
1887 2411
-4831 1985
7784 -3763
-7902 4773
2917 -2149
934 -6925
6512 -5703
6604 -6310
-7250 -3063
-6908 2397
-4829 -9142
-6242 -3142
-5429 -3234
8067 6921
-3098 8816
-9949 -6905
3219 -7499
-8050 404
-3968 6066
1927 985
-6527 1887
-8746 -2258
2879 2795
-3331 -3141
-333 -8512
-3315 -194
-748 -3512
-2631 940
-596 -8465
-8981 8123
-5166 -2581
2006 3967
1364 -710
-627 -5933
882 -917
6610 -613
-8333 3776
-272 3432
-1358 1873
1453 -1828
953 -6059
1403 3182
-8143 -8291
718 272
-4903 -5023
-3469 -2385
-5547 4671
1342 1019
-2295 -4255
1188 -3928
-7066 -4481
-821 1843
5635 -3324
606 -9943
7792 -9483
4966 -9595
1383 7536
181 -3624
-3131 -4783
1445 -2642
-7048 6907
-8351 2446
-6120 -8363
290 1283
3802 -4622
-7716 -679
5507 6998
-3654 -4663
9850 -5706
-729 -967
-7422 -8129
-5106 381
-698 -3943
4325 -2493
886 -2899
-6362 -9106
-5551 2149
9022 96
-2205 -3692
1993 -322
8625 -2218
2078 -5617
-1518 376
2342 -795
8960 -1893
2867 2207
-3729 4309
-4625 -1650
-4002 2137
-7565 -6570
-1236 9912
601 -841
-5363 -5624
-5869 -4915
829 -860
-2883 3477
-6989 -9676
-8880 -1134
-7238 1134
-7687 -2098
-7748 -4323
2442 -1532
8704 4833
-1936 1374
-2602 -3817
-4059 6970
-8080 3131
-5146 -7213
-2957 -7733
-7481 669
4174 -8018
5 -2160
-4789 -8012
7260 -8119
4740 2751
-9381 6541
-809 -4893
-3659 -4560
2428 -7094
-7 4406
-5929 9148
-2588 -4777
-9974 3165
-1867 -6936
4301 -3882
865 6071
2816 9144
-5783 279
-1889 -8769
-3287 -4258
-2633 -8204
-9166 7051
1113 -9419
1274 9483
-3444 -7847
-1518 285
-6008 -1938
1176 -3211
9313 -6650
3086 8095
-3552 1234
-9621 -5211
-8 -3667
-239 -6574
-5225 -4644
-7009 -5737
-5380 8372
1287 -755
1224 -3172
8482 -1539
-8776 -4107
-5469 -5795
9778 -6728
-4535 700
-4035 1182
2649 -3361
-1834 -3770
3404 -947
-5567 8946
5861 -7736
-9860 -2253
-6491 -1699
-4038 5671
-4318 830
-1553 3583
-6891 -3795
2055 1606
-7180 -9060
-8548 127
8576 -4205
8264 -3378
-4865 2578
-8457 -4198
9580 -169
-3039 -7919
3725 9666
-682 -5972
-2555 -3624
-5350 -7883
-4756 -3675
-9196 -7801
-2404 -1948
-8766 9236
-1683 -8540
-6321 -4403
8867 6883
7207 -6211
-8090 2142
-3926 9654
4147 -5939
1120 -5007
1009 -9143
3756 -1328
2342 4047
-9500 295
-9589 905
6496 4570
-2787 -6389
1968 -9880
1366 -1989
-4237 -1111
-9700 -5260
357 -3501
9719 -8851
3128 6339
7945 -7050
-5753 3867
9049 -8286
-6617 -538
-8656 -1620
-6721 -284
8072 -5133
-7174 -9630
-1630 2919
-7046 5289
7063 9033
-49 827
5201 7182
-9240 -39
59 -5627
-5751 -5048
1878 1977
-8066 -5419
-6067 2168
4462 -8041
427 -363
4852 -3180
-1204 -9141
-7190 -7417
9233 -6941
2215 -7296
2488 9784
2059 12
428 -4775
8024 1846
3640 5103
-4380 -7634
-7550 -8481
3564 -55
-9034 -4430
-3798 -2198
5631 2355
9802 512
670 -583
-4198 -6961
1876 -154
-2272 19
-7134 3406
6385 2818
-6029 -8612
-9986 3986
-2376 -7182
-1935 7068
-8235 -9936
-455 -3073
6362 -2377
6915 -825
8597 -2962
6506 -8913
9925 -2108
1328 -4188
2898 -4937
6797 -948
-3525 -1835
-3674 7240
-8880 9697
-4382 -9322
-4382 -6184
9818 9786
-777 -9004
-8689 -7811
1090 -848
-2144 6038
3795 1230
-5637 5769
-9685 -5706
-908 -8947
-9965 4767
-2251 5779
4205 7443
-75 6275
-4470 -7090
-8021 -2391
-6786 7815
-9020 -2672
-175 -5262
-1452 2093
-7433 -9435
9385 -32
-8702 -4326
6566 -8521
9271 -5483
5135 7763
-6146 -9018
-5600 -8594
7230 -3023
8163 -995
-9079 -7476
5570 -2605
2451 1352
-2631 -7417
-3063 -2316
1968 1623
192 -7074
-7960 4780
-8757 9851
-8205 4831
3441 4042
-8791 -2819
-547 -2764
-5640 -1465
408 -2378
-8869 -7715
6613 1538
-7186 -2115
-2645 6083
-1631 -6554
-6008 -9504
8844 993
1508 -7581
-6238 -4094
9364 7513
-7479 -6164
-1312 -6532
8169 -3373
-4169 -4208
1794 6694
-4958 5356
-3677 -948
4758 8922
2232 -7219
2861 4320
6308 3893
-5513 -7425
1935 -5419
-5651 7579
-5630 -8981
4231 1148
-7759 -3805
-9906 -1483
-2953 -3267
-7948 420
-1943 -2127
4419 -5959
1411 5553
340 -2086
-472 -8978
-8575 -2042
-9079 1213
285 6521
-7741 -6310
226 9295
-8915 -7826
10 -788
-4526 6542
-3582 28
-9251 8676
-2756 854
2130 -7310
-8955 -2874
-4059 5812
-6057 491
-4731 5701
6415 6782
-6184 3237
-6687 1973
2925 -7911
-2902 6343
-1458 -9101
8167 -8335
-5003 9204
-8828 -8808
-7648 -3057
6136 -6129
-2584 -240
1103 -6821
-5906 -67
-6553 -2635
-4489 -388
-6817 -9839
-5990 1109
1101 -2691
6999 2169
4911 -7381
-3989 -2429
-8699 -4494
-9855 -7330
4317 8626
-3189 -665
-946 6679
-7823 6324
-4471 -8576
233 -4203
-9364 5216
1799 6938
-935 -9116
-4841 -6250
-3224 -5897
-8663 6018
56 -5629
-5364 -4123
-693 -7368
8511 2354
2259 -9774
2020 -5805
9159 -6474
-9835 9317
6171 668
-9413 7363
-945 7764
-4995 -2905
9542 5794
-8906 -1073
761 -6260
9354 8189
-4627 2966
1274 -9951
451 -9717
-6826 -6630
7855 -9921
-557 411
9675 -8141
-9378 2603
-371 -5159
-8433 1903
-3850 -8072
4256 -1876
-2388 -4846
288 2184
-918 804
-2813 4624
5686 7661
1885 -7904
3060 -6637
-689 -2242
-1287 1859
1793 -9817
-573 -1065
4881 9742
-1049 221
1451 1698
-6102 -8331
6937 -6704
-7276 -1189
316 2377
-3870 1383
4764 966
-4964 -2703
-5700 5640
1062 1048
-718 -8284
8890 -8412
2582 1792
2837 -3094
-5768 -1545
-3599 -6255
8695 643
2644 -8621
-5777 -9956
-6457 1734
-8301 -1093
-3639 -2468
-4196 -220
-8859 -8633
4832 -3452
-4319 -5983
-9690 -6090
-3880 -4053
3801 8525
4395 -6732
-709 -6611
7923 4701
-6372 410
-1670 2490
5547 -42
2411 -453
-403 -9979
-8473 5580
-4949 564
3706 -3814
-6640 2297
-7955 1688
-428 1628
-7107 -8800
6547 2518
-5812 -6819
-3838 8889
4214 -5272
-6014 -9552
-8570 -366
-5867 -8440
-9110 1922
6577 -3792
-9948 -9409
2739 -259
-8349 1489
-4523 2609
2578 2211
-6429 156
8143 -8501
9323 -3548
2367 -3923
-5260 -3775
-7584 -9412
-7856 -948
9087 -2750
-5772 1369
-1941 -5277
7079 9570
2121 -867
-7111 -9337
-2423 -3405
-6889 -3949
-7464 9706
1532 640
-5512 -3885
-4726 -9219
-2546 -4341
5945 -9169
-3878 -3073
-6577 -4938
204 7444
1105 6226
1141 -2139
-7048 -2778
3516 -6258
-6680 -3621
-1166 3177
-8867 1735
8 5335
-7993 2224
-7937 -8862
-2281 -7956
800 -3936
8954 -2165
8141 -2022
-3290 631
-713 2126
-7245 3738
-654 -5326
6220 -415
1158 5690
101 4096
-3544 -6437
-945 -7914
1448 6225
-3733 -4558
-852 -8386
1851 -7146
1053 -4300
-3265 -7941
-9505 1397
9374 -7082
-8025 3641
-7965 2905
1097 848
8010 -4067
3728 520
-2437 -2050
-6543 -7567
-1737 -7161
-6623 -1761
4912 -5008
1542 -6128
-9730 8069
5228 7247
-9489 -279
7194 -3880
5118 699
-1564 -5860
4520 2424
-8734 -1112
9627 7777
3808 -7487
9360 -8226
-3465 9587
-6918 4738
-7620 1514
-8737 -9199
8727 4896
-9785 -8608
5943 -6184
5299 -3267
-6843 42
591 7758
4438 6209
-3189 -7618
-3291 257
7014 -4523
1280 -8083
1868 -3673
-5631 -5592
-285 144
-1057 6618
7968 -3042
-602 -3211
6335 2608
-4123 -1671
-2862 -4067
5287 -2123
-8455 -3272
-5883 -530
-3469 -1901
730 -2299
-6476 -7294
1622 -9516
2488 -703
-7914 -295
-1001 -6344
2548 3927
-9606 -1058
8699 6777
685 -9028
543 1368
-2443 -7373
2474 6687
-3325 5248
-1095 -3251
-7671 -3713
-9687 -5382
-5619 8143
3148 -5762
-2052 -236
9568 -2130
1953 4258
9346 -216
470 4697
-6242 -8334
-5574 -9876
-1717 -3906
-2589 742
-5483 -5807
-6218 9807
-4166 -4861
-587 -6645
-38 -7703
-2248 9316
-3000 -7598
4927 4809
4838 -6353
-1305 -6825
16 -3497
-4389 -8137
920 -8311
-2803 1480
-1422 -6669
3045 3903
5968 -6766
-3623 -5332
-5231 475
-4290 -7362
-4907 -8390
-9090 -8471
-76 8473
-566 136
-9328 2436
2289 -5058
-6392 -9334
-7438 9473
207 1126
-561 -5767
-7332 -3522
1827 8197
-2173 3468
-8459 -2593
3940 -5444
5709 -5599
3106 -8683
-8698 8935
1495 1915
5732 -6089
1830 -780
-2328 2943
2001 7594
3555 -3746
3628 -2319
71 1958
2930 -6167
-5084 -8896
310 7973
2065 -3856
-1124 -1011
2153 -4166
617 9762
1017 -2074
-1415 928
-3658 5696
-1552 -3128
7188 5571
-2861 1343
1845 630
-361 -8591
-2882 -5065
4570 -966
-1039 -200
81 9415
9846 7848
7938 280
6043 -8941
691 -4056
6782 6508
-8030 752
-9656 -2486
-6282 617
-9412 -2704
9334 7472
8944 -4814
-1319 -8049
-1220 -4939
-7139 -9382
9937 5622
-6980 -4424
-276 -8274
-2148 -2493
-2294 -8876
5606 -1552
-7266 -2301
2490 -174
2305 8317
-8256 -6436
-503 369
-3806 -2489
-7075 -3335
2104 -7629
-7640 -2457
1444 6929
6541 2369
-3008 -7872
-4358 -1398
8180 -7050
191 9539
-5908 -3486
7648 -6638
5513 -1904
7817 1218
-1385 -8820
-4286 -4117
6463 -2742
2884 -2957
-1218 5317
8107 5365
-8746 2279
-5972 8002
771 -2903
-8280 -5691
-1456 -9605
-9662 -1558
-373 1734
-2291 -9630
-6921 -2992
9033 -3744
-8671 -5952
5680 -7288
-3819 1250
3404 -311
1265 -4211
908 -5176
-5638 -7517
-6857 -2593
-4882 -6375
6720 -9242
1402 -4871
-1222 -335
-6163 -7484
6509 -8327
-8244 1211
3593 3168
-5593 7871
475 -6961
-5780 7223
-7138 -2334
-8677 -557
-2476 2759
-2630 9327
3957 2402
5546 -2790
-3193 -6827
345 -4361
-8369 -2498
-4135 -3773
9511 6305
-6288 -4840
2928 1384
-3950 -9294
-4182 -7640
589 -7279
3426 -4570
7171 -8482
-5110 -7910
5245 -1135
9263 -8269
-4291 1234
-9976 1786
725 -5314
1578 411
8534 -5716
-412 -1694
9484 -6255
-505 8962
-6328 -1503
-2395 -6052
2590 -1513
2751 5438
9009 -2089
-5417 -950
8555 -9646
5645 3832
-3215 -8566
4584 8446
-8203 9302
-3213 8239
-3346 -1241
-213 5026
4134 6124
1238 -810
-6093 -460
3606 7154
7592 -5997
-7715 -1231
-6516 -1434
2819 2109
-2069 -7142
-9290 -5925
-1908 -8567
3346 9
2883 6951
-783 -3933
8712 8540
-507 2667
-6136 -9805
-4572 2282
-166 7251
1762 -5358
-5900 -4213
7269 3431
-6306 2387
-4011 4126
-3161 -1360
-4141 1987
9240 -2791
-6196 2177
3366 2136
4621 -4098
-4820 5939
-3431 9669
2168 -1876
-2407 7080
-3484 -7067
-8108 6853
-6552 3560
-1569 2664
-2514 -442
9590 2962
-5658 -4066
747 4025
-2020 -2912
-6370 2896
998 -7438
4239 -1624
-4254 -7148
2448 -3914
-9088 -257
-1250 -9577
5467 7475
3985 306
-8498 -1455
-2478 5565
-3612 -9082
2061 2563
-7663 10
519 -892
-417 -9945
-398 -5507
-9172 -9794
3102 2121
6546 1830
4274 6984
-5210 -2538
-3525 544
4646 -347
-92 -7935
-9204 -2064
-4377 9229
-1624 7964
-9053 1880
5550 2109
2415 -9684
7467 7446
-1331 -8464
-962 1314
7266 -2838
164 -526
1062 -6493
1332 -3113
-3401 2602
-6003 3363
6163 -7493
-4372 -1269
-6235 2145
-6590 -3760
-3265 -8519
-5690 2207
-3606 4890
2567 181
2425 -5326
-891 -2970
-8955 -2318
-8832 -4192
3700 109
5361 5132
-8485 -1315
-2856 4853
-7802 -7449
8661 -4404
-459 -3040
667 -822
-982 2479
-991 -5449
-1024 -7467
2267 2603
-7362 -9366
-9879 -6156
-4692 -6902
3343 -6792
-1210 -976
5605 -1957
-3666 -6655
-7537 -4510
6566 -3571
-1841 -9767
-5665 -5678
3001 -9134
332 8225
-7128 2127
9402 -5659
-5137 3106
-9820 1153
-3245 -8558
-3583 -3015
4151 -831
-735 8563
8087 205
-39 -4705
-5222 4531
7995 1686
-318 -6918
2250 735
-1979 -7793
-4916 6456
257 -1651
6240 6642
1707 6272
6098 1277
-9015 5482
4524 -5689
3041 -6459
8240 -5185
-8335 -2295
-2140 4638
2593 817
-148 873
-74 -9447
6718 -7600
-216 1995
2322 2682
53 1978
-3687 4389
-3241 3502
-3920 4904
8692 -1342
-1963 -7492
-1322 -5942
6233 2715
-6438 5369
-4554 -3289
-3604 -8927
-2622 -9074
-7117 -3907
6660 748
-6744 -3092
-1497 -9807
9517 -3330
-5298 4997
1500 4084
-6777 938
7517 -3133
1923 1473
-6596 -9191
-1596 -7793
-8934 -477
-9769 -8991
5891 -82
-8476 -8979
-9087 6349
-5212 -4165
-3537 443
-2509 1125
5968 -6879
-9722 -9958
6624 2425
-4737 4361
-3765 276
-8898 4189
-8451 -998
1786 2083
1530 5232
-4784 -3276
9999 6015
-421 6415
-6328 -526
-7931 4646
35 -481
-2211 8156
-7675 -3702
-7062 3565
6508 -7481
-2657 -9297
-9083 5023
-1873 4408
-577 -8268
-3645 -1088
-6560 -3704
4425 1672
-8682 4219
-3761 -4325
-816 2356
-6736 -3372
-5106 642
2542 -8256
-2890 8835
834 997
-2487 -988
-6288 -3965
-8459 1514
-34 -2726
-5748 1681
-6042 9805
2581 -4749
-7095 1670
-31 8971
-857 5145
5537 -9382
1389 -1843
-4361 -4566
5070 -8808
8906 -6830
-1323 -5301
-323 -8327
7097 -4722
-158 -3874
-7086 2092
8011 6647
3851 723
-2431 6136
-3271 3925
-8551 -169
5035 18
9188 -306
-6749 -5766
6085 -6592
-9436 -6419
9129 -5056
-6101 -507
562 -146
-6205 5591
-4076 -3261
-5708 -6602
-3644 -4913
-68 -7368
-1843 -5503
-7007 -7427
1541 8711
8069 493
-6113 -2858
6682 -9375
6498 -9108
1624 -698
4795 6837
494 1597
-6898 -1973
5813 -4250
-7277 -31
9675 4350
4158 2273
734 -7418
-8609 1844
-185 -5785
-3060 -1821
-198 -7149
-5476 -4133
-4997 -1043
-875 406
-7277 2059
-4249 -8040
-6525 2458
3291 -8681
-5736 9540
1543 -8833
-1568 -9426
-1725 -5867
2204 -6299
-2847 -1574
9110 -5926
6328 -2382
3669 -3318
513 -8027
-9138 547
9894 1286
-5955 -9436
7448 -6765
8885 9381
-4736 -2788
7668 -3177
984 9959
-4582 -2611
2010 1714
-9540 -8645
921 1531
8276 -162
7600 -163
6043 -644
-360 -2468
9626 -819
-515 5219
-5123 -9318
-7373 -8756
-1751 -2331
2373 0
-8048 778
2478 -833
-5182 -4028
-4885 -9886
-9274 -238
1009 -8354
-1494 8891
-4901 -2772
-7593 7088
-7481 -8344
-6776 -9966
-510 7319
-3620 4980
-4831 -852
-7574 1250
-7279 172
-9547 -7646
3057 3120
6304 -1735
-673 6155
-1597 6450
8559 -2003
-5217 -9990
-381 -5465
-8817 1103
-7400 2192
-8161 -9253
9021 2280
-4575 7643
-982 539
4990 9285
5326 -2201
-8854 1353
-1879 418
571 -5161
-7172 -2058
763 6721
317 -3154
-5188 1666
6703 -5610
-2869 1472
-8302 7421
-3320 -2418
-1897 -2850
757 629
-4586 -6720
-3923 2325
-6045 -7461
-6120 -186
-2401 5628
-3428 -1277
-9749 -8533
8021 1961
5858 -5110
8392 -7972
-7193 -2688
724 -9493
-3843 -1801
-7253 -5195
5974 -3133
224 -8019
-7730 -8795
6849 -2150
-3944 238
8678 -1375
9785 2056
-7414 1575
8212 -9391
9498 1329
-5178 -6903
-4724 655
1907 3406
-8462 7673
-9312 -4186
-6705 -7464
-6141 4254
-9847 -2488
-744 2416
-6049 3036
-1707 -9206
-9795 -5245
-4192 -5492
2382 3050
-224 -8399
-8079 66
-4783 6707
-5457 2339
3356 -2103
2092 1905
-7163 -4174
-7396 1662
-7801 1718
-6792 6352
-8355 -1782
-6639 -5244
