100 1500 30 87
12 52 1212854316
66 34 500229329
28 30 1905848380
45 10 1906211267
35 5 1227091997
14 10 797678626
42 39 2119948760
80 55 263028757
72 32 1402091192
2 70 114204531
53 87 1885940117
39 68 1262963681
20 100 363298998
81 19 475298425
86 17 276841422
95 43 940479356
85 55 1720319570
40 65 138355663
71 57 1404666043
92 89 898011066
30 58 605398719
97 91 361489924
96 89 64302414
15 15 1613949433
31 37 2123871314
25 45 893020851
31 15 40997897
95 31 761139782
4 74 1746416221
44 92 832157043
1 12 844511434
44 36 848850064
32 50 1345402260
98 35 2092532756
34 1 701485522
31 52 546836204
97 50 278779780
27 84 2017265010
100 5 1730353357
44 100 820136012
55 34 1548301155
42 50 1505821607
91 11 1955661050
25 19 1113634834
78 93 1602525031
81 97 1551689417
30 77 1901607347
13 39 77631095
69 48 513083622
20 60 317663673
6 67 389382316
55 75 1333638270
65 77 1364437811
35 63 546083353
27 47 492524330
23 64 1180148407
51 63 1354492787
90 58 1056555369
37 32 1047475933
49 6 926187054
15 22 1524845773
41 93 1540479878
70 56 1821939433
84 10 1567143049
30 92 721139836
45 99 2132898962
7 38 2054289337
17 7 764090739
48 93 279568180
53 47 183591369
27 72 1296296317
71 3 871016883
26 36 413574676
87 37 1879630745
78 25 2087852628
28 40 493281710
66 77 795091054
24 68 599920713
16 49 2132885429
14 18 1612101528
38 87 1502716333
40 70 46628511
27 46 724959981
63 43 607181258
88 24 239375697
27 34 114067626
55 40 1411405454
74 53 1190914671
22 34 509150646
91 15 413589314
77 48 1830417727
99 59 1989514364
44 92 283875455
39 50 682924081
14 47 458835996
47 74 332751035
38 80 290084513
91 51 237642119
76 49 939514592
90 63 527786466
89 43 1333532756
99 59 358082485
90 15 619936183
92 96 385184878
38 92 1533459316
63 27 1857644829
94 92 1851023127
96 11 161201617
45 4 1683068307
7 70 2107057682
49 78 897787624
60 63 1705458112
74 46 281730363
69 77 1646531652
13 93 2112075943
91 75 1917738933
83 54 1177588247
45 71 1303029341
48 30 1337493236
69 65 1790130580
99 89 927047039
61 53 578660339
59 16 587001198
87 21 1235945071
79 16 1060932392
5 1 520799156
11 49 2095780046
81 42 1780992280
63 30 1961561625
27 63 1429519024
67 2 712650945
71 41 1144490143
39 92 935635455
59 63 706023065
26 7 840837851
27 63 726055482
27 62 71837138
20 94 729205948
49 71 711879881
11 96 1702927243
64 93 1514438421
5 36 1044201039
96 43 1997673209
10 9 361617999
17 60 2077534357
79 94 667563635
92 33 196928413
86 81 1843216939
56 62 467007610
3 57 1700760958
95 30 892156621
30 69 1115725284
73 31 802643640
33 30 539912887
92 40 1563478097
86 27 639304365
70 40 435674495
50 31 900884887
64 41 1668444172
20 51 404946679
2 72 687395082
70 9 1080956676
52 49 582637958
34 37 128074382
25 86 423289014
51 51 161636057
90 46 69170994
20 85 217730963
12 9 1336521913
62 89 1989940076
34 71 1733429047
42 99 2081427248
42 57 1930652070
78 39 1131293073
15 53 44968258
65 11 749211982
63 5 1764104232
99 69 1139089773
8 34 717385544
96 62 965999155
18 61 1438207917
16 62 878684802
73 84 403155095
63 57 814262436
16 16 504436066
78 98 1037154080
34 83 904237197
2 8 541359911
87 53 849407109
48 60 1349339316
9 77 298619563
22 31 532126580
5 26 983333396
61 63 87394320
28 29 119867382
78 61 1504041597
12 58 106585726
19 21 291638060
23 31 129445913
83 99 956531200
59 63 467866699
42 43 396881459
67 91 677519080
81 11 1092947984
61 94 626977597
22 91 1472059824
31 18 82439353
52 78 369704064
34 43 1325460083
32 43 1519609305
94 43 1918150887
89 2 1811809098
79 35 2079268739
90 19 976201257
83 68 1464352738
25 93 1900675598
42 46 1174840271
71 11 191083954
66 46 1638250205
8 3 2070778838
2 43 690525521
56 41 2091077115
90 32 362109255
60 41 781922633
28 31 1290427922
20 30 2007492504
17 53 142190681
79 7 96075474
24 64 13301297
79 54 23314062
21 76 1082644969
13 43 1511677071
96 98 1707291826
36 83 199524667
67 6 228807226
48 62 274633453
52 43 1809063172
59 18 619568441
22 15 1370820619
28 77 1093312495
3 98 1306653373
97 21 1781510493
46 47 34725657
28 14 293051252
85 93 1385204887
47 46 480572005
41 19 1627311852
10 12 1705297404
76 31 905612614
4 78 866507687
2 3 1511277814
22 96 1382964868
21 53 425162316
86 57 1147463061
78 45 36822441
24 50 531152025
94 55 342977023
5 11 1761971764
87 25 589244425
65 64 1133063601
67 79 1269259704
15 99 2080477705
19 16 783427379
76 29 1232884199
72 70 1480889184
73 96 1756249562
27 19 186115137
89 35 727032730
65 61 1851087134
29 14 634131672
59 18 316962488
57 76 58749307
24 7 1641002621
5 6 803480791
74 42 2134202366
69 56 575921289
40 93 904176862
26 23 451313640
38 9 922629029
51 82 1076251993
21 22 1778690221
48 29 246254231
54 50 9392540
11 94 1493267463
4 12 1550374767
60 2 217536893
4 64 173389513
27 56 1760909652
87 85 299618130
20 31 673726667
42 52 1868815218
70 36 859176190
72 76 1872770937
17 39 1398059542
28 59 667926204
29 52 1163260107
44 65 345343518
100 70 547775222
36 100 350104300
66 67 1603417886
70 37 646880358
5 79 2092421499
80 68 1703823320
70 10 1122088443
28 66 1150697659
31 74 1776369687
48 92 1427542167
17 14 1008391963
68 66 970232714
86 53 88209801
75 63 1586058867
53 14 800019188
21 34 123828644
30 30 1714363423
48 41 622440044
21 28 545916924
64 48 1702330954
30 11 2117588001
95 77 1405114069
99 78 2012010936
61 97 317037974
74 85 336494048
60 29 782071700
41 4 1379058220
81 49 1378029502
61 73 1446911749
8 79 601481421
70 33 1334565684
98 54 2046456113
75 43 939773360
72 17 1765418958
8 65 875305971
37 17 361855896
92 38 1928892055
92 92 256051947
16 41 789000528
95 14 1009140188
79 98 196529447
84 64 1507043916
26 76 1615949013
94 86 611454539
58 57 79619362
75 54 820462670
64 61 810329458
55 9 1763583149
47 89 7696493
60 77 383553708
9 24 298518454
24 92 1870178732
99 57 61197668
37 96 1178553493
93 59 1244316887
98 29 594981896
59 39 12620222
19 88 876290085
7 81 269053691
35 42 1785306437
58 96 1731562448
1 81 1442387409
57 49 816753784
52 42 794434935
10 81 993366171
90 78 141369815
28 100 747785413
68 38 446537723
100 29 1641162341
93 67 825692499
89 67 1156752033
69 28 683386742
17 13 912640542
10 100 1312978798
91 71 348372401
20 86 245924363
71 51 1826097352
8 74 1604253532
37 67 1343976051
55 66 1052961402
21 99 1114763295
1 93 1827900183
65 35 767583503
64 85 142494571
86 87 1131186880
71 50 683010022
22 54 1540429541
47 38 1568582012
14 89 1643757519
79 44 2035009755
30 39 232677861
22 74 115807934
9 29 979303734
45 100 1492435398
31 80 302154213
32 3 549309998
86 96 227788920
23 60 85376393
64 32 568610140
7 39 1171168853
97 1 571261383
22 35 2073123412
50 69 2065174386
49 19 1460054846
80 32 1570743590
34 30 598129373
30 50 935620204
41 44 114346141
72 36 1886044364
11 89 1152239979
11 24 1113378037
97 89 736738185
65 75 1850220606
35 73 926441507
66 15 255379107
47 88 968220286
48 45 1600491420
43 86 1545138401
78 2 223259593
18 81 1426096165
42 70 746206927
30 55 563753389
56 13 994543485
80 20 870397301
94 27 1683750235
34 66 1589272852
78 38 1136275150
63 39 552546049
65 32 2070945592
97 49 1965116621
67 76 1406227991
21 17 965541084
86 2 568695665
5 55 133382472
84 90 1119656351
1 94 803293596
38 96 1929907229
76 46 1140150158
59 90 695852173
60 63 335573989
87 54 1211555585
4 90 142207703
5 55 11752176
60 27 522925961
1 30 454686917
47 27 62414152
42 8 314327952
87 67 663436089
76 92 507393316
91 81 69459227
96 18 775729986
86 22 1224928872
40 98 1980809275
19 59 1890431032
48 76 1824191443
26 29 1318357095
34 81 1962200841
52 23 597030535
43 39 2070359521
75 66 2010682449
92 52 235632291
13 77 298920686
10 4 1018605071
68 88 815897463
96 31 1971663981
24 79 1310593680
56 72 1783463806
78 7 1025214291
17 81 175995294
34 82 2079142636
86 73 627779362
62 59 1328428353
17 83 28330018
5 46 1034203827
35 79 574008447
65 11 1249914442
37 69 976852317
95 60 69150024
27 54 1337727302
8 42 995010170
32 4 1257941503
43 10 754767640
25 28 710417453
22 55 958216570
100 54 1241112374
62 96 1235812660
31 65 113190877
90 90 1982931513
96 92 999614159
37 14 1381081986
93 17 843050145
54 10 1768634577
81 63 161788671
87 85 1336084795
41 59 1812453116
88 72 1415073967
53 49 1454541028
94 14 1566834458
37 73 629684900
50 11 966571295
18 57 361668983
27 86 1590240975
42 57 1685748328
26 4 676521060
37 72 1744246647
8 39 1167966239
56 19 197594278
69 30 1957466730
93 30 74282675
56 25 180736711
12 60 1124355360
49 36 2015596478
5 16 1461744056
60 77 173215549
31 76 1255711175
21 67 1655376011
39 45 460539070
68 28 2079358525
49 3 2052314945
25 15 1379022489
85 75 1440563144
20 5 932503407
87 14 1623477855
15 63 1527791511
42 90 1981529170
8 1 502176652
53 23 652291572
32 100 1738931311
34 97 1033963030
48 87 1314555279
75 83 1399795703
31 91 1651353287
96 98 1511985358
59 62 519956597
48 84 1499271711
1 37 1899210053
75 9 740254212
75 72 367482116
71 55 590876847
9 34 1484721081
92 89 1082267880
34 29 507872606
83 87 1777131737
44 36 2056822032
28 48 1520159042
16 53 1422853942
24 65 1272799094
48 34 1530533568
2 81 2127932242
87 14 822342765
75 95 1140271273
3 1 227313616
42 90 1163456849
77 75 1277211532
76 69 2096369175
80 63 1307491654
45 57 1560239269
30 78 1359419945
10 72 296481344
24 37 1552870145
70 63 690683
22 79 1334705957
12 29 763818312
38 13 1947496753
6 40 1110730581
69 47 1900275157
77 16 1920373236
54 13 1911279032
78 57 92991013
14 54 1351353323
28 37 728636098
7 95 1454590867
87 59 1889606588
99 64 1663331351
90 45 685103540
36 54 475082198
4 43 308637618
16 27 1458568894
25 41 1160442300
78 16 1542190077
15 14 1278671342
61 33 1510157370
19 21 316478128
82 25 1008574114
78 17 568689564
84 15 1093193653
26 33 1742094389
52 80 1928147392
44 80 863288959
59 9 991484083
72 51 1718119261
4 73 896401527
77 1 2008520487
53 67 1523327157
69 31 1388318290
84 37 566740819
68 26 958869902
47 70 190111479
26 81 171744583
86 65 996760226
37 78 1869028085
61 5 1369700608
14 44 953368664
80 53 362155192
63 95 1259391544
99 14 35213964
24 17 1459671947
45 96 1546435815
25 79 1754074461
41 58 1095546539
18 95 1113042124
74 3 937748912
69 19 2079824273
21 11 560779038
15 7 1684154617
81 72 1723673279
97 19 1772528677
44 86 1425331552
75 100 462745648
84 39 1895543573
78 15 272758465
32 28 1607476883
51 53 353649408
13 43 667280177
20 60 1924212697
91 92 1217797964
61 21 1262260444
47 26 868986392
98 74 228087287
88 99 1658791361
2 65 1862891544
81 100 561932273
85 8 1273097805
27 85 654789507
39 35 1216646219
30 51 2070575838
2 95 1104308680
27 39 1925000341
1 26 1784119339
99 88 288256488
15 84 680441975
14 10 1926234276
22 15 668415009
58 22 1134292093
92 93 1737160920
42 84 2013692458
88 64 1540076339
26 57 2088841240
52 48 790351419
91 36 254836171
26 63 230355421
35 92 989667636
1 1 1992766049
74 94 1445816422
67 66 16098932
2 76 1775309923
17 67 1498796417
74 60 448818856
73 79 1641847282
61 50 1011001685
23 71 215073427
14 59 1116954052
66 61 2131092187
12 35 235618339
77 67 380289313
5 91 1634267679
71 60 1773161980
82 16 1901280896
60 50 1796141121
61 35 1094378346
84 14 84249058
94 67 1593678880
54 6 1106451146
89 45 1438464511
55 58 1576527422
97 89 1110317151
56 21 2053526155
24 70 1651263477
25 43 1992370359
60 89 1719714570
25 47 1088132283
91 80 327978918
48 26 428922111
93 89 1236244265
2 64 2048278153
43 15 733639059
63 22 1215120556
84 51 696551763
27 62 1774235186
67 85 1795050811
14 68 1770000322
45 38 1914157146
22 49 1196991689
62 14 1749596136
25 19 1660105180
91 31 1308808134
64 87 182489028
15 50 54309842
28 89 678067826
12 52 1702420452
31 26 2074262418
68 24 1877842783
17 13 559356779
82 2 1372739200
53 34 1461487262
83 20 254644738
21 48 1010012429
22 91 1486149192
62 17 1186834858
13 21 2104439786
90 91 1663711249
14 27 952781532
78 6 299629551
31 59 133177419
65 21 1689669401
84 59 574932705
84 40 1817573687
74 85 190261959
90 43 684516580
62 81 779605442
52 83 123095706
78 15 484987696
36 66 1631954909
94 86 466021738
14 39 884267969
24 96 251831485
16 83 2025004068
100 42 2091307451
42 74 505051476
75 16 91787617
57 23 406452678
23 19 1375825430
40 80 582781359
77 18 734160894
67 39 1055219587
62 24 859961052
96 45 403030028
89 48 694438943
63 25 1072853342
30 42 577624435
52 21 1313192009
22 3 648300017
53 62 1683213639
23 9 422595131
61 96 1294589207
37 49 1693897974
81 29 47970487
28 72 321864083
4 14 558357071
98 1 1441966033
70 11 1604812763
72 80 1169992966
85 20 622494340
93 3 1594271792
89 10 256379766
89 36 1788053527
69 24 2146157263
40 7 1208211395
5 78 1065523374
5 64 75661030
67 79 477895627
47 45 531196196
18 37 1611388167
20 30 6285603
81 48 745016696
69 75 587833736
92 90 394697776
50 37 568638844
79 12 1804095883
94 94 878954939
72 21 518324095
69 17 2035395362
5 36 1783501460
86 39 1445856029
34 35 1445054200
60 71 928201532
2 99 1589196000
90 43 1328524443
53 78 468050944
46 17 1713616223
66 13 64735368
82 27 1421188440
69 39 510517460
8 20 102700416
94 20 1792009102
65 4 1539855987
63 57 1134294598
58 100 573998551
35 45 1067179241
4 20 1531876393
16 88 2043751039
94 80 933215156
84 40 878948590
3 57 1344855858
74 11 189738917
77 50 306098111
33 48 134283527
85 52 68992941
81 93 678865198
52 38 1620512533
39 29 1625406236
71 86 1211870403
62 28 267816748
18 86 576746731
80 4 1437032733
29 15 2146245306
29 42 1485102334
80 35 1042799819
72 34 378555
61 19 973373135
90 55 1380432486
27 10 1286291976
54 58 2112140046
39 89 73526860
94 74 1715603777
60 32 240445309
53 18 1482874737
88 37 134735717
21 92 1064994096
91 79 1045861819
45 65 1609215280
6 94 503838221
63 92 810429447
3 52 1260453900
28 82 1051283790
59 91 372658036
76 28 1678158395
65 98 807101100
8 94 2123446387
87 66 2011092159
51 46 2090550949
96 67 1839745345
88 66 323062102
39 66 2103285264
72 8 1314710618
62 44 1541854545
42 92 635995055
39 92 82234482
32 31 923372646
97 42 1012304454
94 43 1322403040
12 40 1086617242
29 42 1591239038
94 58 653441177
54 28 494234167
49 73 681738139
40 80 1456398400
83 62 6122393
13 9 760613131
6 15 489897415
100 55 239837063
39 49 1619647357
32 39 838199220
41 16 853405749
68 84 778237194
92 23 1663977347
71 75 1735800596
85 69 524381687
93 100 984305370
59 67 944050734
13 31 267226292
13 40 1044382991
52 60 820298882
67 9 2065519713
2 56 440879806
76 3 1556057073
51 51 510455117
71 91 87552639
22 61 369584123
89 95 132438567
71 39 388420425
10 31 312449089
69 13 991141802
30 78 1868253953
85 36 1449743071
39 10 229843325
42 79 1037776500
32 18 1034973702
44 42 227557324
90 9 1523624146
29 35 1118104286
59 24 1398318456
23 78 1836430365
52 83 1123155585
88 55 111899866
49 80 1728384050
27 32 1194134541
44 35 244951934
85 59 1552701565
46 57 1806721508
80 95 1951062497
55 51 105467177
33 68 1609285835
15 6 840366409
21 72 2011712261
52 23 1269235900
84 16 168994400
70 50 1368926526
28 67 661617621
37 27 564135458
31 76 1208918603
34 54 836903834
1 89 1908023888
58 51 1118453272
30 64 336445939
4 64 1011744959
19 64 1226710011
20 42 2019117594
86 63 128974115
12 73 78804194
39 76 1244748330
92 62 449943513
33 51 1240191846
83 75 1156956398
46 14 1323392756
61 26 1851400785
76 37 174397240
69 83 1781483958
31 98 475161929
4 92 2103100014
31 75 2029568777
93 88 58147067
95 86 589269359
21 84 937254191
35 92 1942467973
60 29 1321655670
48 69 344053182
82 79 1326138557
79 8 1341871025
22 74 1052868207
96 3 1023265562
35 71 314498045
20 30 1910953137
56 21 1278203783
47 46 1682186903
76 68 1311864789
44 50 1178982400
23 59 362766099
30 84 882333480
56 43 719175010
58 6 2099578532
28 51 1973325079
57 40 790358166
29 75 1938353285
26 30 131815892
45 20 989106039
94 72 2066657214
52 72 1391383009
87 52 744767383
30 15 601972265
87 99 918614020
89 30 1576777777
80 96 487126957
54 34 386414565
35 26 64411146
54 65 1463584671
78 31 1610623516
49 93 849580861
52 76 506595265
18 93 1923537751
16 13 1858309232
46 43 1334175270
93 100 665633910
26 65 1763638289
52 11 1611424894
68 35 1891180629
51 3 1767286634
95 64 271241663
22 29 2060779111
15 33 1575781515
79 17 1682907532
21 40 186768400
72 50 1208172845
37 92 1242511737
99 38 80654715
85 19 1901318
87 54 1995357585
3 17 1685229787
31 81 462900933
15 48 1220622055
84 32 265398121
23 32 663326799
24 29 1843702220
15 67 2146167691
53 82 1957137779
71 100 1341023630
76 37 1761409914
45 77 533952853
77 10 655716955
24 17 485813837
7 38 1947781252
39 38 457477487
19 10 1644045109
85 53 1878150732
18 85 775948999
69 67 2096348451
6 81 1288078773
34 86 118426601
43 41 1006117245
60 79 1716962521
49 83 1679260296
86 70 428434454
47 31 298737044
100 15 350857263
36 14 1827306847
2 17 513773217
34 43 707124985
20 44 107752442
60 89 400885375
90 62 2049424718
72 10 1979025229
93 64 455085029
75 9 288414567
90 72 1175232413
55 71 966738964
72 40 1620071999
66 26 181287852
9 68 559280086
49 44 1140517905
62 14 433234616
71 95 1070727706
86 24 705811129
94 91 1943446022
17 57 2132710196
40 21 1004270737
79 73 1481560292
56 25 1365960015
24 11 1945548680
19 68 1191269240
32 85 109238940
78 43 416420301
1 72 1644589971
44 46 2074698756
100 95 2005483702
72 32 1787802070
96 76 1101477061
21 43 460281892
83 75 571341547
3 15 1542408470
87 55 1626884388
81 56 726710371
52 79 820911648
98 88 217089601
44 42 1351142444
27 64 1103335295
3 26 440407118
45 70 982429914
20 17 763207886
86 40 342021120
93 28 859387522
48 52 601058060
79 100 637760440
18 1 1675305792
59 97 1362172841
74 92 1831071784
99 63 1938789710
20 77 1019403264
37 63 438872461
76 83 2142745980
55 58 879842117
6 18 1054367109
58 59 935257609
58 3 19619939
55 96 382152856
98 32 1880856414
60 94 2008565387
88 59 1866756838
2 20 1915712657
85 52 579290745
94 21 1547383220
63 31 4423527
21 92 972089332
75 31 976324989
22 87 234220099
53 53 96917105
47 92 1667751302
5 82 1092162514
76 40 1500064301
79 37 1507180903
99 58 1455533439
81 85 57025784
72 69 60199646
2 59 2102815467
40 58 1417728093
92 63 1514594015
84 17 2077001367
65 83 748772565
56 85 696794521
93 40 212456048
2 31 1438503126
38 15 959810577
6 61 1978229157
16 80 1134049181
25 26 594374234
39 41 741357174
56 60 1308370765
90 78 9013100
26 99 857524665
65 48 1474650820
47 26 292198664
61 3 1005035065
22 13 1470099902
53 46 511998860
78 80 1254540575
18 54 1784461500
30 72 51195090
7 72 2017459945
5 37 185483987
4 10 350298812
30 74 1871601677
32 40 1909958723
96 94 522395736
41 54 2064079657
21 82 47891361
26 34 186526239
97 24 1847094656
69 22 664147037
57 9 1681423243
66 21 1300750500
92 50 1882068503
83 26 568913084
76 62 468578468
82 71 1411810163
15 32 237690056
48 71 1835559676
71 80 504325253
44 17 1847324850
52 13 1578604270
73 65 555688178
74 68 253227396
99 5 963420587
60 73 1543819169
82 88 1317039396
14 44 795080129
36 72 1232481943
15 26 118739042
84 28 1800013813
48 98 1851315256
12 28 458127360
31 24 118232584
35 11 555748957
7 32 1533151556
47 81 1425352467
90 10 148947701
62 6 2046795914
87 48 862972401
66 61 592055468
63 70 1898192151
42 82 20354750
66 66 554261061
28 23 1087012291
60 31 40037878
40 99 29399936
1 100 319424982
6 66 1147803072
54 19 55126585
66 87 1840688071
87 90 1909361436
68 40 1839750950
33 1 40061143
56 45 1058486708
86 23 1563480936
36 59 951379347
87 42 539221338
52 14 1122087038
71 99 1784974744
9 22 499139849
99 10 1212079814
38 12 1480142601
91 55 1761455568
35 64 26767653
57 52 1126795108
15 51 152238545
56 89 675934081
21 27 699345767
71 23 121785871
44 72 1953710441
53 39 344724001
64 92 1487985999
71 60 1108883889
86 65 1909162379
37 73 680866465
39 19 1759001321
27 100 877999587
5 19 504769895
28 90 1787115315
51 83 485195138
41 85 587181081
32 36 1854950934
44 25 1833288349
8 56 562254471
33 21 1247819656
51 94 1158497544
2 34 1245667482
20 29 2048550808
62 96 394267265
44 34 215275244
28 16 2010714594
64 2 550214187
40 3 1608883918
96 75 505728413
68 83 1562482621
14 28 1610974353
47 62 803442155
75 23 1963303756
70 88 1494937627
4 32 1667613288
71 78 140073884
72 65 1552010711
26 36 948958826
100 49 1587285766
83 22 1081186613
62 27 111527832
23 82 437310745
45 90 789051291
84 70 1671519365
15 58 576862987
45 42 137760942
9 6 941394312
96 84 547746735
97 50 790106560
18 15 83244612
45 48 1822464194
78 93 723811907
68 37 180438881
37 2 93412278
46 41 856999361
40 83 538991728
97 95 1150103972
80 30 1093066632
82 43 1976763628
96 55 11956076
95 1 1056093893
88 8 277700489
24 89 627701667
77 67 1921917534
18 29 1360318422
100 9 610517619
47 81 1960072658
28 65 518543306
70 45 1529855686
24 21 138844619
24 15 1721664014
83 4 2094874409
72 23 1695786548
90 57 1313451723
18 31 471905651
78 51 1895494968
58 61 1427013320
75 20 7855018
19 6 333250445
40 25 1045822515
6 91 81332190
9 52 1409727314
32 52 1459852496
40 75 412146619
23 79 507505609
25 99 455445178
37 19 794957056
56 37 528661565
61 83 749625339
37 50 1287128358
80 40 5643049
31 6 108746954
35 3 1874140562
61 22 1634558245
39 83 1311917537
38 62 119053211
8 18 813966535
97 35 1061762871
79 75 1380985527
80 33 1154006539
19 82 519670528
25 88 1199641507
79 50 993826589
52 48 1598012323
35 37 30683136
48 48 1058711974
17 83 135142863
51 6 834472771
25 33 1017073067
9 25 1016194197
42 53 1877658676
29 12 1535315046
31 1 1398890622
30 77 780754252
66 13 93052556
13 87 1990774790
47 51 486915189
52 74 671398105
37 41 925401455
61 90 1998550580
65 18 883006540
76 64 1879379682
28 39 801449662
4 91 1670840692
68 47 1827143721
7 89 434792638
57 30 1907807950
82 35 617705248
74 91 1921214700
63 23 756870888
80 15 426164000
95 49 1448764564
85 12 729346791
76 56 1409220918
74 30 791431974
15 68 1054146741
44 71 1108593547
31 19 1089915255
73 71 1832584636
95 59 58707461
61 59 1079445223
10 75 330005654
21 66 1493187449
76 37 1672913933
5 11 1649939360
25 4 1517316286
95 52 1118335852
13 59 939913247
36 48 1653446577
94 9 2036853649
5 33 1941201395
31 87 102012708
49 88 546150917
85 74 1927582037
47 86 1622179464
2 72 1457086921
5 76 1867097045
64 24 465050491
11 53 16136155
71 55 294085090
3 2 2055768184
42 10 1432382140
81 27 2020175170
6 16 253526770
92 33 1836625154
15 6 1118451352
91 3 1300635754
66 94 1344288258
70 49 191840473
24 40 1823360683
78 76 2002589054
87 16 1808970808
66 38 1572511601
33 61 638915234
65 15 681095639
70 20 1201508530
72 26 1569986545
17 84 757381887
66 58 1851091452
5 93 62110873
32 99 1722261097
99 60 182808926
88 13 1988218012
48 47 1242188329
15 87 2019785562
34 69 1648221878
59 66 1584584200
94 53 1548485923
51 57 2004977540
96 31 822711557
46 80 443256713
5 6 774897544
18 70 1102532542
64 100 1298853229
2 14 1617386377
71 44 1747273491
88 96 659482276
41 20 1802132134
97 12 77060379
27 21 2118558430
6 34 1160052377
63 78 1351614922
33 72 207249579
32 1 1446951596
97 30 1414668911
40 73 791497165
36 49 778944887
7 35 799514974
70 15 1610589314
90 97 768292063
23 26 482217741
52 48 327143799
23 27 485879161
75 75 799158193
57 39 361685576
29 4 1193246872
30 91 647096664
64 17 307819151
30 84 1723900257
26 47 457866578
3 88 1627396967
51 87 1380780841
29 49 492915744
56 94 66334218
94 71 1399889492
97 95 1816000648
39 59 914457529
55 10 1502226058
38 19 1086471073
36 97 1891736603
24 16 1741613780
62 57 1796154983
62 53 1259491485
56 71 338872865
78 64 481250720
72 64 953810313
31 45 400565161
92 3 1747943799
11 29 1500493906
59 84 1268804795
75 16 1821168531
83 99 1492319206
36 36 609400619
6 2 1805775581
21 22 1585634988
37 88 310664417
81 49 1321594388
36 1 970554270
64 7 1712846862
47 54 977405124
62 37 1369579282
13 95 221799008
48 15 1062328791
1 48 89117078
75 36 1663465383
62 5 742812256
62 93 1290641992
62 16 2073928472
20 78 299930459
74 54 1350086322
62 88 673681720
57 97 12330434
71 88 1162187446
18 66 1087776945
5 1 127971798
9 57 911506372
53 1 97223685
68 26 233172546
97 85 919813108
2 60 1510155627
90 80 1125521252
86 14 1587078514
25 12 92179322
90 58 1545191592
42 56 1309439961
51 80 970559417
51 65 839214377
76 11 89515581
13 19 1839500949
72 99 1359566397
51 51 1774600699
17 17 159215840
28 39 1030178125
85 83 1154849049
92 44 622345690
71 13 1096133431
35 90 1171540881
46 72 2139210032
16 73 1778102059
14 22 388147423
17 73 1466916094
33 13 1393122497
24 38 179097065
6 39 1134510892
2 29 1052173629
66 13 60057072
56 94 1217151243
79 78 325712529
3 90 1913880774
24 13 459018142
97 60 1766247555
61 57 518639323
99 22 450755608
37 66 1654775731
18 95 1380923988
30 20 938640341
23 63 1298484207
53 92 1152186314
42 19 589262244
6 61 1449212946
65 68 796637521
73 92 406136669
46 52 436926230
64 83 1919184328
10 23 1712792716
29 65 440097085
91 24 1344714514
35 90 1303218589
5 34 307335693
65 32 135167886
84 53 1174862591
27 23 598368608
78 53 1946292080
12 33 1102762778
87 1 1349775241
3 87 1592019450
26 53 1889552479
15 42 1312041921
100 87 185200307
31 73 422908411
83 65 336700727
