20
0 487 975 636 836 688 546 411 748 199 302 808 945 34 631 462 644 551 401 128 
521 0 203 268 533 102 906 424 871 173 256 450 7 283 80 266 315 451 327 960 
567 758 0 612 128 509 206 3 417 554 576 776 293 857 928 998 583 44 25 274 
164 848 953 0 95 696 825 962 360 933 390 159 20 76 923 29 110 323 742 904 
105 360 246 232 0 513 498 482 2 643 276 333 83 375 244 711 778 226 190 925 
106 901 679 994 628 0 932 116 993 260 224 654 387 150 984 61 135 571 574 696 
186 412 397 611 822 386 0 144 720 807 840 66 99 794 862 466 195 510 570 758 
20 437 896 787 717 851 439 0 20 519 683 363 672 887 702 191 861 276 656 460 
253 747 384 282 353 245 323 261 0 611 943 977 336 751 805 397 645 697 354 210 
65 550 816 327 259 925 245 624 116 0 16 947 278 975 864 881 903 995 988 335 
59 879 802 26 177 956 931 136 647 1000 0 979 109 176 170 136 285 334 247 380 
79 509 30 199 89 565 995 523 996 474 639 0 913 426 868 780 478 961 818 771 
25 261 283 977 188 321 933 444 495 404 141 731 0 359 754 160 873 675 23 670 
861 397 846 5 836 590 732 87 404 694 733 306 419 0 558 735 426 583 900 803 
107 195 711 172 677 417 668 887 403 338 729 580 929 374 0 320 35 440 697 926 
344 339 556 54 926 787 231 942 295 929 292 132 918 927 836 0 613 375 339 77 
161 686 640 980 99 713 607 460 116 937 333 133 23 717 445 254 0 227 635 486 
383 349 942 16 636 911 667 138 420 558 805 933 729 708 422 470 222 0 491 786 
373 51 811 751 602 41 899 365 786 411 72 475 495 788 587 919 241 340 0 587 
903 629 674 219 265 966 890 228 665 176 515 52 565 3 530 490 431 357 173 0 
